1600 1600
-78240  
-273493  
15465  
-202977  
-245707  
22214  
112424  
180944  
57543  
-25943  
-101038  
58301  
173016  
49239  
-104442  
-57849  
-92396  
141598  
122302  
-149358  
96710  
93745  
-1683  
-207032  
-52302  
-43905  
-154303  
-33365  
151962  
-74206  
-135590  
40319  
53440  
-144023  
66536  
-74612  
39676  
1437  
-163340  
-64087  
-208819  
221709  
-64594  
87770  
-266165  
73420  
-37977  
-78502  
-109395  
-32644  
61056  
46193  
194632  
23013  
150653  
245774  
73413  
-22867  
-291142  
-252572  
-38802  
-205188  
-164698  
75824  
2129  
-12033  
21447  
84760  
125043  
-174072  
112654  
208617  
28459  
160736  
-222662  
180215  
186728  
-176117  
155612  
-117782  
121008  
-231980  
12568  
147281  
25865  
-19647  
-4551  
-50919  
19355  
81446  
-71755  
37345  
-60987  
-209612  
96168  
117  
28090  
16904  
34340  
-234433  
-3521  
-195994  
108498  
136722  
-80666  
164997  
-32169  
-108196  
-256008  
-119524  
-13741  
-88604  
103542  
-74493  
-180211  
114839  
36361  
116887  
-114498  
53470  
-154749  
134707  
-215773  
-111532  
75131  
-135655  
184439  
139077  
65358  
42979  
98854  
70637  
-39587  
-90468  
-143291  
-69197  
-32843  
-132400  
-38211  
105684  
-153355  
193637  
-189761  
277321  
127375  
24604  
-131957  
-70709  
-278776  
-362202  
-76475  
-36455  
51009  
10792  
42502  
-65345  
315691  
119448  
-165359  
56826  
-35075  
49366  
-85417  
-98256  
-104141  
118302  
24048  
37660  
-118399  
-61060  
115593  
-39567  
-46351  
-73025  
168838  
114552  
-144198  
87352  
-5995  
-99852  
-197722  
-185113  
-97286  
58895  
110995  
19076  
68284  
-122792  
211806  
-56709  
-247238  
56194  
46049  
-37841  
183252  
-231195  
-9446  
-32631  
6180  
65722  
-133188  
-127036  
72845  
-174402  
-199049  
156824  
-121427  
8115  
-62471  
-158145  
131999  
-97050  
188654  
65391  
-7404  
-58295  
179552  
-35910  
16427  
44515  
372412  
81950  
-47703  
14240  
-8516  
97214  
50522  
158913  
-326193  
-58003  
174700  
-149504  
-133705  
-46351  
3100  
-124437  
33366  
133665  
-114865  
-208936  
21845  
-37463  
-227480  
39020  
123224  
102761  
133072  
-230362  
-31539  
235798  
94487  
-117848  
-44752  
11614  
52188  
212610  
-83198  
197840  
-41490  
124100  
-180687  
-61960  
76516  
-76587  
101166  
-173899  
126211  
189242  
-54589  
36572  
-77293  
-31007  
115876  
-18666  
-39654  
-22023  
71293  
-86826  
-45646  
2105  
-111646  
-137119  
113524  
57979  
-263735  
16213  
-88610  
-89158  
-198770  
-19996  
6083  
256469  
234378  
129954  
56727  
-74051  
78805  
-37196  
-15160  
-212683  
-154664  
-218164  
175308  
80425  
-176369  
130835  
79273  
-201043  
124093  
-133851  
18793  
22885  
-30110  
-88645  
118985  
127420  
127334  
21766  
30741  
-114467  
-29575  
253342  
46644  
26715  
146926  
71575  
-30048  
-55093  
-24863  
203342  
-58079  
64059  
243551  
-60909  
-124071  
124627  
34928  
77165  
-35272  
28163  
179314  
-220531  
-14474  
-236669  
-85209  
41544  
-210934  
121687  
209501  
-85262  
254495  
71091  
-67612  
23636  
72141  
-104333  
-228105  
86195  
-70216  
-88388  
-111982  
-29297  
-231096  
-220725  
129981  
7350  
32621  
201028  
84612  
-145092  
-24195  
-45323  
-205175  
-158126  
-125235  
-98313  
-72652  
-122013  
127236  
-22592  
-164775  
-263285  
167796  
76604  
156228  
37283  
-44546  
24217  
-10311  
167303  
70059  
-62084  
-198480  
-68874  
-58026  
96073  
-5845  
-44286  
9412  
38010  
138559  
196640  
96943  
-52387  
38076  
48648  
131124  
57213  
60745  
23202  
113706  
52995  
103435  
297797  
8816  
181661  
75693  
143718  
7706  
-77205  
-248395  
-228333  
126577  
-79421  
-171900  
49389  
169748  
158042  
246466  
-346758  
40896  
-115531  
16626  
39614  
-15087  
-59416  
-120043  
11926  
29016  
-62567  
151324  
144796  
-76944  
72923  
-74271  
13803  
-148526  
-288858  
163475  
-297576  
137890  
89002  
-53263  
60788  
164994  
38275  
176746  
77990  
-30049  
202773  
15521  
87668  
32792  
189714  
-82304  
-29781  
110749  
198929  
165373  
78774  
-150479  
-18221  
-87358  
92696  
-79262  
95264  
-30834  
-55593  
65398  
92661  
-19520  
120226  
97771  
-137215  
36337  
-146945  
39361  
-21875  
-81879  
101170  
-18682  
-1424  
-25020  
-172008  
43621  
-59598  
140532  
-86779  
180366  
-48259  
153880  
308922  
91841  
-53470  
-129675  
292525  
55429  
94841  
-41962  
-167024  
20884  
-59690  
67727  
214453  
75870  
31985  
-172998  
-95757  
-109812  
-23759  
71509  
103363  
-224031  
27005  
184946  
10491  
135232  
120088  
126877  
207973  
134053  
9983  
127823  
55155  
74420  
-104461  
89700  
-45651  
190004  
-6853  
-212983  
-117057  
108276  
85471  
-257045  
73645  
54241  
-8043  
97708  
214148  
-86527  
-86086  
250020  
85659  
-35630  
126847  
60101  
-65022  
-73632  
-85289  
136553  
-147477  
-144796  
-161069  
-111651  
-10173  
-177643  
71648  
24866  
68090  
-180933  
-38667  
-70694  
-7829  
30913  
-57473  
-256754  
31118  
253555  
-24221  
-223598  
271804  
-252953  
-125190  
134599  
44099  
-179362  
-58207  
70984  
107609  
-162951  
-7286  
29932  
44319  
-54102  
90142  
-166841  
55746  
-236140  
8860  
-84079  
-279898  
169371  
-125200  
-79798  
-90015  
-123820  
58602  
-38106  
-117077  
-122912  
120765  
-158159  
-207163  
235255  
-11480  
355075  
-86365  
249215  
-7164  
5337  
-30542  
-16017  
58801  
212478  
156204  
-110790  
-188095  
149291  
-403888  
12808  
117799  
-83457  
140268  
-51239  
215941  
38256  
74495  
-124942  
-11440  
209411  
-29266  
-114171  
-14924  
154187  
34659  
64976  
89703  
3073  
-143901  
-183516  
5412  
-39276  
61261  
168027  
85796  
-45634  
146512  
52399  
-261257  
191932  
-159087  
237345  
-111327  
-58501  
41714  
49194  
67675  
94951  
31781  
-224162  
-106826  
-133018  
-43142  
25953  
-48448  
116118  
-35825  
-50521  
-628  
81648  
-212275  
54731  
99745  
-13880  
-11404  
11079  
-39034  
125873  
141807  
-36679  
-98456  
207313  
-35355  
-58449  
48101  
-123067  
-101584  
-76909  
101339  
358168  
-86437  
214713  
157624  
134994  
189458  
-3998  
-15481  
301257  
-27803  
-80348  
101893  
-102612  
1771  
95260  
75647  
-20223  
60453  
-217286  
407462  
46758  
30208  
-47973  
110447  
-89215  
-26068  
-29723  
-271828  
231200  
-77902  
64434  
292255  
-191951  
206940  
-37179  
-75108  
179523  
40805  
30924  
-59302  
40377  
90355  
132460  
-217281  
-12571  
-124367  
189125  
-233161  
-212178  
-55312  
-1664  
80984  
-95963  
-65419  
232110  
63446  
320140  
-4113  
116831  
138112  
-14012  
-330939  
-25094  
124910  
-23589  
111708  
52465  
56670  
-478  
104431  
77848  
77990  
139721  
-33579  
99954  
-46576  
200206  
-256426  
133809  
-258059  
-189810  
68030  
-34590  
182989  
90913  
-147335  
-143927  
-193660  
51939  
31786  
-185889  
-45705  
75534  
-185774  
-50778  
-302778  
-247485  
-49946  
25870  
-60239  
-110971  
-172073  
50103  
-272612  
63084  
93154  
194636  
84661  
242936  
-163526  
-22279  
150070  
8948  
7459  
-19778  
246104  
194427  
-146083  
114389  
-252903  
169240  
-198784  
-62575  
307406  
23956  
-13533  
-152865  
263505  
-102903  
-72009  
-139081  
53051  
3154  
-263440  
68610  
189341  
168499  
-4643  
322197  
-3727  
-106594  
-38828  
-39946  
-85348  
181188  
87828  
-99239  
-254757  
149724  
22727  
53282  
-18026  
18744  
29724  
15977  
-120102  
-91339  
79319  
165583  
68928  
10911  
-28101  
127065  
-16452  
-142936  
113915  
25732  
-55708  
-6615  
-133217  
239361  
-222489  
-54907  
115507  
-115171  
-50015  
272660  
99979  
107489  
-17080  
-72559  
-183723  
-9256  
286282  
141999  
68747  
-114370  
128158  
-7240  
-121665  
-109834  
-121041  
82384  
-46073  
202130  
-217260  
64366  
-203839  
162596  
-76972  
101406  
20296  
41536  
-41692  
72617  
65099  
-60782  
9956  
124878  
283038  
-72772  
183571  
-22035  
222148  
102200  
-77835  
-217323  
-30517  
210927  
-113274  
-110281  
44725  
15668  
18537  
-62728  
-2514  
-60877  
85983  
7322  
147080  
55501  
26908  
-3356  
41050  
-69213  
-166556  
-41283  
138598  
178523  
54175  
197956  
-129591  
-151445  
198563  
-170806  
-137054  
-142862  
-103596  
-138840  
161577  
141374  
261277  
-28425  
42746  
53678  
165233  
-57328  
43824  
80658  
12207  
-255356  
-24179  
201338  
-95899  
-220629  
-27600  
28546  
-46887  
-139859  
34196  
46931  
-105350  
136046  
-28463  
-85092  
23223  
-124462  
80573  
-40006  
-132980  
-144271  
-106223  
83991  
9158  
37548  
15912  
-147344  
424035  
-13051  
-309658  
30655  
31143  
46248  
119161  
37280  
-228756  
42855  
-251971  
-128668  
101789  
-87071  
85830  
-20092  
-53306  
-21791  
8608  
60573  
-1266  
77660  
255418  
215357  
-47712  
-88680  
106032  
169860  
-60264  
-62165  
-45309  
195557  
218324  
-6357  
58164  
-130982  
-4383  
79979  
105587  
-4595  
70486  
83035  
-34619  
96720  
109664  
-205495  
-7396  
-136464  
46465  
241548  
150994  
-286707  
-192646  
-319052  
200711  
97150  
145164  
108284  
166802  
29500  
-213313  
-236358  
45633  
-23204  
-71451  
-68454  
-65118  
149338  
-119951  
130448  
55132  
-248502  
-101319  
-200074  
239253  
330323  
-79892  
-41717  
10146  
27434  
-64420  
-120385  
-102535  
238061  
58698  
131813  
58867  
-109010  
-4566  
122738  
53927  
55643  
63591  
-64480  
108487  
273609  
-114997  
242005  
228972  
235986  
231494  
-186876  
-216772  
127625  
84233  
95449  
12283  
-238767  
92194  
-120486  
-40848  
-98944  
76486  
191241  
-94053  
-72284  
89779  
20829  
-172262  
164616  
-66531  
-176210  
208475  
99516  
-81533  
-103292  
-38150  
79774  
78616  
-122561  
-296634  
84548  
-84802  
-89242  
141755  
180921  
-3188  
52959  
-90612  
44847  
80433  
152114  
163805  
-22297  
130723  
117157  
92200  
20451  
-149168  
-12884  
-3005  
-172745  
-138638  
-3236  
152050  
-23076  
-9881  
-205439  
136167  
102952  
-131908  
60959  
-185095  
54436  
88919  
57698  
-224751  
-93934  
-135421  
100826  
-2565  
-48694  
-124261  
59468  
-229269  
137620  
62326  
-107880  
81932  
31527  
138717  
239575  
4457  
101652  
136852  
66928  
164470  
-232968  
-106810  
-58550  
112473  
66708  
175540  
17392  
-146511  
276794  
-102275  
50322  
-225794  
-28982  
7084  
-1819  
76034  
-87204  
32518  
-225502  
-31637  
-155278  
7715  
-110679  
-44263  
77890  
-35161  
17669  
-107576  
111065  
96389  
88094  
-91824  
52778  
-30301  
-11779  
-95118  
-111083  
55894  
-222174  
-27214  
152902  
221  
184648  
-18699  
-174209  
-176765  
210091  
-325572  
-92858  
118748  
98471  
-41057  
-102537  
42917  
-88808  
48087  
-141491  
-65295  
46352  
13317  
65883  
10033  
-315797  
-207659  
154144  
252305  
-24173  
139491  
-143989  
-64272  
77650  
-61357  
-71912  
-199732  
-46964  
-233647  
-12000  
38181  
66370  
33747  
213731  
-27308  
27750  
197899  
108295  
71400  
-137681  
89600  
216880  
-74885  
166165  
-56643  
-83550  
-20374  
102966  
157735  
-3943  
21239  
-43208  
174456  
180458  
-163908  
143236  
52334  
186075  
-69565  
174219  
-16768  
30759  
22920  
-49914  
-123344  
68084  
400270  
171823  
-4581  
46825  
-110541  
109978  
130516  
81721  
-134535  
-81577  
-207177  
-112890  
-139333  
22663  
-84903  
208903  
71249  
-104959  
-185198  
51961  
53390  
-73162  
180401  
-156955  
-49312  
-150270  
199478  
79426  
26553  
-92420  
88642  
117070  
-28051  
-150556  
99402  
-232891  
-60234  
51418  
3452  
-108903  
-134585  
-38379  
-162130  
58968  
-56198  
36691  
168866  
-270913  
-40573  
130286  
-90494  
-60349  
-104896  
78315  
33764  
248044  
-270795  
-122802  
47902  
-33597  
298946  
86609  
-47016  
173509  
-105785  
167537  
-130365  
45396  
31006  
-19550  
226117  
296526  
-83144  
60715  
128866  
221244  
-254642  
-202457  
-172836  
72216  
54947  
66659  
213873  
7836  
10729  
-76507  
-36465  
244135  
-19186  
154462  
-114791  
8108  
-142731  
-328626  
-12711  
13673  
117520  
161177  
-151304  
-117355  
56746  
113232  
28090  
44044  
-33099  
26566  
111918  
-71966  
-2402  
87832  
61771  
-127679  
-169775  
-61588  
31011  
-60520  
-81945  
278187  
90061  
-200791  
-27141  
125123  
-103546  
14107  
136089  
-19818  
-15660  
-39918  
-115145  
-197953  
-68242  
123126  
-33119  
-134726  
-219269  
-6806  
121384  
-41332  
179104  
39166  
138771  
64322  
142588  
9199  
109027  
-8067  
61011  
-32452  
48327  
-356074  
69416  
-158668  
-35134  
101745  
137693  
-157268  
-156050  
-145695  
-117623  
-56459  
290946  
110361  
-70594  
233248  
-190161  
154025  
117127  
-131712  
60474  
-88527  
359233  
174319  
211112  
28373  
172214  
69360  
-215466  
-58270  
-46845  
110384  
87734  
147134  
75960  
-16991  
127048  
-166452  
86259  
142677  
-26085  
-143628  
83541  
-33466  
-68986  
196275  
-172874  
212999  
140975  
-316382  
-6621  
206252  
-29992  
-204114  
99205  
-139470  
53495  
-194975  
152957  
-1368  
-111884  
35972  
34742  
-60312  
110234  
89434  
52014  
-76860  
76501  
83199  
195912  
-35108  
352485  
75437  
-23784  
56054  
73005  
-87072  
43943  
-39180  
-81848  
-113377  
246730  
-171393  
-132437  
-93205  
-145264  
-66772  
-138056  
33944  
-92264  
27161  
-135556  
238598  
16550  
-229229  
-27543  
301519  
-217748  
-67291  
-88825  
119948  
-298864  
208133  
1922  
-167425  
3833  
-14671  
145684  
32042  
-177301  
-33801  
-371945  
-147570  
-3089  
104364  
-17013  
-64164  
35304  
-119341  
210838  
135145  
-196839  
288517  
54141  
111045  
85886  
53924  
-79417  
-284417  
-64140  
-57258  
-214995  
157987  
180138  
-125717  
-48617  
221380  
-1581  
144728  
6977  
17433  
29651  
-75973  
-118907  
-238471  
81366  
-230953  
107020  
66592  
-35624  
-30567  
-26888  
250197  
-349726  
278374  
-21517  
128531  
-66808  
44038  
-100599  
40973  
90737  
-131107  
32027 
Time: 43765 ms
Correctly: 1