1600 1600
-44022  
-20551  
-48322  
333706  
-21724  
-14757  
123130  
70538  
-112798  
-254584  
-269522  
-64866  
304194  
87836  
-229632  
-48686  
176752  
130375  
-4730  
32409  
-128930  
-23079  
48079  
93916  
-161181  
42846  
90412  
-199775  
6380  
76825  
-114679  
125773  
-76604  
69388  
-55728  
48948  
-38620  
169399  
201598  
107364  
248457  
145281  
267625  
85168  
142667  
13613  
93920  
95873  
-26432  
13846  
23230  
20488  
-86095  
20784  
50878  
-118174  
-131165  
48733  
186751  
268261  
-100128  
63759  
-234047  
-121010  
-29613  
101323  
77777  
33428  
-42020  
-66673  
-86071  
104968  
101438  
119268  
112680  
-40092  
-15116  
-919  
108760  
102601  
-77668  
2629  
-30312  
58093  
-105678  
-94209  
68051  
-330646  
66094  
-63033  
-185759  
317995  
-184401  
-92063  
-77544  
2592  
234949  
53812  
-122881  
84823  
111884  
73933  
-11678  
63071  
1147  
32975  
35456  
-222472  
-100708  
-23666  
-233062  
-214928  
184421  
-66527  
-79983  
-83005  
130288  
-45925  
-40752  
98744  
-50253  
-5725  
-118282  
326244  
24690  
-2455  
33468  
-135893  
67588  
59405  
-21939  
-131650  
310660  
68826  
-137884  
-114727  
19222  
-86636  
-37157  
55088  
9590  
-71723  
-32813  
71236  
67198  
105644  
-150623  
128900  
39343  
90697  
58355  
224862  
42734  
-42667  
55114  
117019  
17358  
-26841  
-107528  
13641  
196036  
-108466  
-107324  
-71962  
-35083  
-186866  
226023  
-110458  
151557  
37743  
-55798  
151451  
63828  
-69799  
-38198  
60685  
109877  
303697  
220996  
-191688  
71749  
-125369  
22144  
246326  
126765  
201453  
-34746  
354109  
-72761  
-61287  
-42913  
-62925  
-122573  
-59194  
-55353  
-189073  
-126883  
-114941  
-19996  
-3917  
58197  
295298  
81308  
173454  
-116002  
-11876  
142863  
-39873  
34551  
86729  
58230  
3307  
-133168  
21719  
27544  
-3706  
-131904  
-38129  
47168  
-139754  
-310916  
-183443  
-208057  
-71482  
91300  
-26855  
-3646  
-218941  
232081  
297393  
-211197  
89267  
-180596  
157347  
-76162  
-64185  
-162723  
123192  
-147699  
83654  
48437  
-80152  
-133053  
19049  
58452  
148053  
206361  
-3187  
70598  
266176  
224235  
194661  
-55487  
77934  
286491  
-81985  
-134272  
208196  
-4858  
-5182  
-52729  
-118720  
70122  
106444  
112333  
-68709  
-32050  
366823  
49132  
234277  
6246  
-998  
-2081  
-64073  
31147  
-22057  
149130  
265474  
-12384  
-155064  
83759  
189756  
-37854  
12332  
19438  
191676  
-93627  
271287  
-121750  
-30633  
-31004  
315739  
31544  
113217  
-209310  
16626  
156332  
-145763  
-11504  
-197869  
109584  
114176  
-10962  
87716  
10372  
6381  
-49894  
-41044  
-138902  
-174527  
24350  
201429  
-118899  
58847  
99342  
196043  
20110  
76461  
-92647  
-63680  
-186376  
59279  
-99162  
124762  
68658  
-60900  
298829  
11878  
94155  
138248  
72374  
-7249  
226050  
-21204  
-21275  
56327  
-71757  
3956  
-166543  
230348  
-100360  
22119  
52732  
117624  
-12962  
57250  
-160790  
-124835  
54542  
-183110  
134541  
17189  
-207358  
186925  
115715  
136901  
-89958  
-117874  
-143122  
-142196  
-214553  
-171035  
-45322  
-1448  
-102441  
6074  
169989  
84158  
-44132  
-110760  
-133679  
197503  
278687  
-39495  
164909  
165020  
-209422  
7038  
151590  
-8595  
24603  
-74274  
198230  
-185584  
-10945  
-65615  
277826  
93681  
185342  
-57170  
-29539  
-109878  
-108633  
-116565  
117009  
-152602  
68567  
-23077  
135499  
-175983  
-269923  
-29139  
104413  
-138334  
48859  
352334  
76061  
109844  
81244  
-27463  
84779  
-160263  
14425  
134925  
178327  
-39747  
123374  
26976  
114642  
364121  
-124155  
-155122  
-14146  
-22808  
-123677  
-124669  
13712  
-181467  
38093  
201683  
312069  
123413  
180561  
-222782  
-118596  
46991  
197248  
108528  
211238  
-30238  
139344  
-60657  
-17042  
-77264  
-28228  
252903  
75402  
-254560  
53349  
145946  
-48041  
-160398  
-26765  
-60556  
-42226  
-94287  
91618  
62560  
55578  
108462  
49953  
-192004  
-34099  
-175483  
68525  
37822  
-121768  
37447  
77578  
-28483  
-31375  
30417  
142807  
164160  
7444  
-122690  
-12673  
-194777  
-91476  
-70426  
283575  
-120224  
73157  
144350  
-20886  
-58869  
-57949  
102207  
199604  
-130502  
53233  
-187393  
-237412  
92724  
105304  
-186312  
-18047  
-230774  
77689  
-87857  
57194  
33093  
110873  
43716  
10691  
-103316  
-10433  
17925  
58724  
268101  
13090  
-17512  
52198  
106938  
51621  
-20259  
-16503  
-72782  
-176303  
24711  
202931  
18220  
-62947  
88161  
-64233  
77382  
94538  
5274  
139010  
48345  
83086  
29694  
-88103  
124218  
-178011  
10505  
123659  
-198199  
29771  
333294  
150098  
30781  
-84170  
17781  
-142120  
12164  
25727  
-238635  
180894  
-177470  
-87553  
-106650  
396812  
83972  
-5644  
72357  
112202  
-18823  
-149074  
-88423  
15445  
-227532  
-114927  
-114179  
23324  
302003  
-126357  
-89683  
354891  
2323  
-68132  
64979  
-31219  
-146050  
61856  
-163644  
1996  
64910  
36340  
-77475  
-165023  
70255  
-83750  
-53996  
-117299  
-101222  
160202  
213260  
183956  
-77454  
61406  
86425  
13956  
18407  
18293  
110601  
-73945  
47064  
81862  
-67270  
-112281  
187475  
-229296  
-32453  
155012  
210179  
68198  
20898  
754  
-89973  
62549  
-46281  
-147642  
49530  
89922  
119625  
-234472  
255881  
-187505  
-42600  
-113609  
30788  
94737  
-15278  
93571  
-76844  
114870  
-144492  
117398  
229939  
61598  
6440  
23440  
-203125  
143972  
1721  
-23734  
40519  
-184507  
268081  
185209  
-56916  
-97993  
57282  
-127849  
138049  
-40844  
49405  
52435  
144821  
287924  
-80968  
17469  
-32939  
-19614  
-4419  
149606  
-25615  
90085  
40406  
-2335  
-3577  
-42718  
-65162  
162937  
113706  
27859  
116524  
-54302  
-59119  
26793  
154832  
-78472  
-240392  
-65857  
84269  
-6093  
57380  
-60002  
-87083  
5873  
107140  
-2623  
25104  
108359  
-89679  
148197  
-267727  
41521  
-117793  
120318  
110660  
5156  
-15745  
49021  
15691  
-205451  
253534  
-220872  
83541  
-15362  
92392  
-292686  
-165909  
205259  
129494  
-60778  
129762  
143578  
-74455  
92588  
-202407  
72574  
-42023  
-84424  
70562  
-56094  
-27363  
80245  
-134729  
101135  
23382  
-33120  
163466  
-4714  
44362  
134371  
82846  
-133594  
41195  
27881  
-18073  
23161  
-5015  
181572  
-145319  
-35172  
62145  
-1212  
243044  
-209678  
-78277  
-15451  
-25539  
55989  
-41723  
162943  
-117709  
-135888  
-14223  
-45856  
3286  
-82685  
182091  
171767  
132020  
-189261  
-17546  
165333  
-187074  
17186  
-146265  
-9420  
5153  
176113  
-55100  
12875  
218098  
-168448  
-156936  
-62969  
-95084  
38075  
-40635  
48611  
221411  
-173136  
72968  
-219945  
-130977  
89656  
219433  
169673  
-251425  
-168956  
96747  
130139  
-17503  
-135072  
-47991  
113555  
70025  
121288  
5614  
-37235  
-68586  
8894  
-108650  
-1779  
-100208  
75726  
-82385  
74066  
146839  
-37422  
171719  
-136207  
23107  
-121872  
-159820  
54980  
65601  
-115673  
66025  
-116592  
75019  
179319  
99981  
-52087  
-172974  
129367  
-16433  
-91484  
-108278  
16974  
127991  
-43518  
12041  
-119164  
383260  
115850  
33974  
-7047  
-73198  
-237167  
247982  
29128  
-18709  
51116  
39169  
-109486  
79081  
97776  
99169  
35793  
186474  
86756  
-70600  
-221864  
-9177  
-43349  
-6785  
-16808  
150049  
272277  
-91519  
-181537  
-80145  
-283703  
160601  
-59036  
12320  
-107797  
-47479  
-41920  
1086  
231524  
126209  
63812  
-18446  
-2929  
41472  
80823  
66580  
145378  
-47217  
14349  
-78297  
15617  
-78347  
-54006  
-92830  
-47205  
-202655  
-223947  
74231  
-52202  
-32566  
113062  
-52246  
85025  
91542  
23053  
-268540  
93275  
131671  
70270  
62850  
-3165  
63775  
79828  
-35531  
80376  
89348  
-190172  
-22584  
-331153  
169012  
134998  
-50668  
-43081  
-88473  
-282592  
-172311  
-97458  
-181045  
-40307  
127422  
-228980  
12551  
-10504  
71910  
169713  
-116681  
-7152  
-44581  
-159362  
-83696  
127121  
-47266  
154844  
75185  
-23220  
-57789  
140849  
-174314  
-7258  
-50456  
-87251  
265089  
109762  
-54316  
31549  
171181  
122663  
53078  
297771  
-971  
-317147  
-52394  
-72865  
60404  
-9805  
50676  
57471  
-129969  
169467  
24050  
-146998  
-70866  
302806  
-126244  
-66154  
-98652  
90767  
-20795  
14096  
-62169  
76553  
207226  
64305  
259893  
-344616  
245930  
119684  
-25738  
121158  
-117079  
198453  
-29932  
16803  
166863  
-68449  
138463  
-24333  
110025  
-125482  
7284  
96314  
-48749  
16993  
-108545  
74809  
230203  
-138580  
-46049  
-558  
164  
-4269  
113331  
-9363  
163486  
-38423  
186882  
-192840  
-56504  
-162679  
220599  
118176  
-69689  
19555  
-181810  
110055  
-90251  
-230117  
119343  
-145099  
-152984  
-181949  
-141313  
-14742  
-105317  
-142503  
61482  
-63922  
118626  
-210661  
-226311  
77329  
16181  
6401  
-249963  
128801  
50637  
337254  
-229667  
115379  
-434055  
-125494  
-41838  
29574  
-70573  
-73280  
-22876  
-115581  
175276  
68385  
189191  
37367  
90947  
27695  
-103742  
3388  
-229791  
136495  
-73718  
78389  
-88541  
173689  
38050  
65064  
125466  
-12094  
77194  
46607  
-31343  
-85907  
-76221  
-64510  
117805  
-127410  
154826  
35629  
103843  
197397  
-19405  
-185505  
91999  
-10385  
310433  
230685  
63804  
43630  
-72397  
-4271  
49508  
37729  
-46050  
-50650  
187714  
31032  
-60534  
150508  
306559  
182811  
103827  
176334  
10446  
104645  
301169  
80641  
-19975  
-7262  
7931  
-318832  
156426  
4588  
-139335  
42804  
-6021  
9470  
-82454  
41259  
102312  
219491  
-115419  
43756  
8472  
-170518  
94144  
-24366  
-59096  
-60855  
-188493  
19685  
-157879  
152133  
-257048  
-138995  
93407  
-27731  
-133318  
-206842  
-32038  
-178516  
152557  
71367  
200233  
-86923  
96955  
50229  
10774  
199938  
-190237  
-42678  
123206  
148402  
258178  
36579  
24295  
95354  
73483  
-64089  
-97104  
116434  
60844  
153969  
100233  
7574  
-11119  
-154019  
24530  
-68901  
14587  
-190146  
52293  
-163806  
-224939  
149584  
51434  
-143949  
-61429  
-22850  
9938  
267037  
-30699  
228750  
67464  
-107758  
-82764  
13746  
180775  
-95863  
-80336  
-94241  
29884  
146968  
-163122  
77804  
11299  
58024  
-65705  
34449  
141076  
83042  
-93186  
72783  
121620  
-7440  
-38549  
-135920  
-118457  
-391  
11388  
44943  
-323352  
140904  
62533  
113233  
-232438  
-4047  
101678  
-232038  
-79668  
45392  
-29650  
159966  
-25604  
218741  
-45326  
30113  
15599  
110812  
38389  
151192  
-175694  
-84658  
-99875  
-15572  
43440  
147739  
285527  
18663  
-136482  
485  
-34652  
-163290  
91191  
57098  
-307933  
169205  
160203  
-23760  
-113038  
155486  
-144893  
-147632  
88187  
311890  
-128257  
21047  
128894  
-169988  
192754  
-111977  
-11226  
-115212  
47554  
189245  
-8060  
80512  
161650  
300050  
-112039  
-86851  
-29297  
-25052  
15284  
-41193  
135990  
31396  
-62704  
-59629  
268479  
-32072  
-17224  
-81162  
-51113  
-84263  
-27334  
-163091  
-31417  
128446  
-63730  
-17573  
-79095  
82646  
19662  
-34598  
67115  
-51540  
-79901  
36504  
-82992  
-16301  
188557  
-25208  
49682  
-16475  
44308  
56328  
31481  
-12272  
-231228  
-114838  
91194  
139285  
-97931  
-235984  
78884  
-22598  
-232000  
-56190  
5224  
-1527  
40297  
-16164  
167115  
-149427  
42977  
111580  
50692  
267290  
-54768  
220156  
13291  
-14059  
203101  
-114970  
2657  
82662  
-26147  
-67599  
-64318  
18571  
-15254  
169690  
383997  
-126407  
187550  
83396  
-188881  
108523  
-9840  
154051  
29025  
-27097  
-73752  
177951  
193606  
59990  
18136  
64696  
-136233  
-162951  
172415  
-6835  
96126  
-79352  
-9387  
-83257  
76227  
174988  
26081  
258589  
659  
-83050  
-180733  
-121438  
-50222  
110745  
19866  
123041  
103281  
150505  
-75469  
10357  
-163680  
58259  
57834  
246731  
9006  
-38711  
-124222  
111622  
-160823  
116876  
30686  
110647  
-104949  
-9952  
-73115  
-4776  
-80092  
111847  
17106  
276463  
92071  
-221147  
-136301  
75125  
26230  
-103510  
-149261  
73917  
-146560  
152564  
67889  
-29570  
86745  
-45981  
-31243  
-13711  
-322764  
-11115  
-181903  
-27916  
7217  
-155555  
-98922  
67600  
-155803  
-42539  
-207744  
-212800  
-142935  
-70776  
-153943  
-8844  
-53822  
144426  
-98641  
-251152  
-928  
-215670  
-161  
-176723  
152814  
74243  
14631  
92159  
246391  
53540  
-93082  
-175370  
64769  
-50564  
-38919  
-129289  
-11750  
211104  
-89585  
110083  
-69619  
181233  
-119005  
-5895  
-46460  
-191084  
89358  
49058  
-287144  
118656  
-47925  
-86813  
-26981  
130177  
-93026  
189601  
-1302  
3738  
-86324  
88813  
-127629  
160429  
59660  
180671  
-27491  
-3801  
-25038  
-144503  
-6819  
98465  
-102323  
-52515  
-111886  
-26012  
-186644  
154727  
-106862  
-22292  
-21310  
-61437  
97709  
-45070  
218206  
138123  
158113  
123711  
66302  
-59066  
234161  
68293  
-180068  
-127967  
-103230  
-161568  
-81680  
103981  
-60470  
111742  
7257  
-163759  
25735  
-17302  
203848  
21840  
-57887  
32254  
123502  
49775  
39988  
143554  
208353  
221727  
134980  
-167575  
264965  
-99596  
138637  
-24976  
286044  
-158285  
65712  
-105944  
-147178  
29216  
-204298  
120865  
54065  
-57590  
8232  
-246662  
-24454  
246549  
-123836  
8514  
77655  
205100  
-66422  
-116977  
-29032  
-175199  
98182  
69915  
-30215  
70324  
12424  
62863  
-90516  
38685  
68254  
68039  
-30886  
23409  
-152708  
36315  
-185705  
-168525  
-120027  
-267678  
29978  
-73997  
11451  
-189665  
262118  
-109005  
-101588  
-162983  
252548  
-2175  
178163  
-157509  
153663  
312741  
126970  
169563  
196506  
65505  
-57641  
81278  
-63246  
139856  
-189330  
42264  
168542  
49933  
73404  
-22490  
100382 
Time: 11961 ms
Correctly: 1